Interval Time,Stable Virtual (t),Stable Iteration
Ideal,32,32
1,31,31
2,30,15
4,28,7
8,24,3
16,16,1
32,32,1
64,64,1
128,128,1
256,256,1